163
466 1703 60
7
74 24 22 64 90 55 45
2290 3265 45
7
29 9 8 26 37 35 20
3298 3564 75
5
12 6 26 37 35
1391 1505 75
5
29 9 8 26 37
3184 3418 75
6
61 91 98 45 44 41
92 602 75
4
75 85 61 96
2511 2955 45
3
63 66 84
1930 2393 60
1
90
2166 2447 60
1
61
1299 3242 45
7
13 35 51 55 45 44 41
1658 2501 75
3
99 63 66
1991 2345 60
5
103 13 38 25 7
1054 1552 75
4
77 88 21 25
676 1543 90
6
74 24 37 35 20 2
1557 2399 75
9
85 61 96 89 63 21 25 7 10
981 2072 75
4
80 83 65 21
448 703 45
7
1 4 96 55 45 44 57
2982 3039 90
7
26 37 35 20 4 62 86
1806 3166 45
5
3 19 36 38 23
727 2562 60
6
57 49 77 88 66 84
2380 3398 75
3
21 37 35
2633 3544 75
3
84 18 28
3094 3482 45
1
42
800 2868 45
2
30 80
138 190 45
7
1 4 96 55 45 44 57
3213 3214 75
4
84 79 29 34
822 2188 45
3
30 80 83
1370 3483 75
3
49 77 72
1618 3288 45
4
43 46 56 89
1966 2355 90
3
67 70 104
1340 2136 60
5
6 26 22 64 100
1111 1602 60
4
12 6 26 37
1761 3112 90
4
77 88 66 84
2870 3570 90
5
99 63 66 84 79
285 808 90
4
46 56 52 53
40 1185 90
8
85 61 3 19 36 38 25 7
2048 3230 75
2
52 53
2838 3572 75
6
12 6 26 22 64 100
1870 3232 90
2
35 20
2764 3541 45
3
92 3 2
2104 2876 60
5
75 93 98 45 44
2413 2447 45
2
70 13
3475 3567 90
5
26 22 64 90 55
1420 2342 60
3
99 15 38
3488 3592 60
2
31 9
1726 3248 90
4
4 62 86 76
1066 3376 90
4
92 96 89 63
2548 3298 75
4
93 98 105 101
1474 2230 45
5
19 36 38 25 5
2749 2800 90
4
21 23 70 39
783 2992 60
6
26 37 35 20 4 62
2193 3211 45
6
49 77 88 21 23 68
2669 3552 60
4
77 72 106 56
41 1676 45
3
95 62 86
3563 3568 90
3
92 96 89
272 1223 45
2
25 7
2576 3246 75
5
71 88 21 25 7
2113 2410 60
5
29 32 74 70 39
1431 2353 60
2
97 94
2831 2974 60
7
42 57 49 77 88 66 84
171 575 75
2
71 88
3462 3509 60
4
88 21 23 68
30 1462 75
2
31 9
2910 3237 75
7
103 13 35 20 4 62 86
999 3501 60
8
42 57 49 77 88 21 25 5
452 1290 90
2
26 37
2669 3226 75
4
6 26 22 87
78 2759 90
1
82
575 1406 90
3
63 87 78
1158 1612 90
3
103 69 68
2014 2115 45
1
91
2762 3357 75
6
9 8 26 22 87 72
1930 2948 90
3
4 91 98
270 874 60
4
12 28 10 34
3588 3599 90
7
67 24 37 35 20 4 91
3050 3086 60
3
62 86 76
722 1922 75
1
29
2534 3061 75
3
67 70 39
266 1609 90
2
63 21
557 786 90
1
85
838 2341 75
2
70 39
215 330 75
8
1 19 36 38 25 7 10 30
3568 3599 45
3
35 20 2
1047 2425 60
10
12 6 26 22 64 90 95 62 86 76
2525 3363 75
3
72 106 56
495 3138 90
2
1 19
2315 2880 90
2
33 9
1492 2968 90
2
82 86
707 3134 45
7
1 19 36 38 25 5 11
2784 2841 75
5
87 78 50 58 41
1119 2416 45
4
71 88 21 23
517 655 90
7
61 3 19 36 38 25 7
2772 3407 60
1
91
945 2531 45
3
6 26 37
535 2838 90
4
75 85 61 3
1287 1435 90
3
96 55 105
765 2681 60
7
57 49 77 88 21 23 68
396 3236 60
5
42 43 46 97 94
268 1625 75
4
33 9 27 11
1009 1280 90
4
24 25 5 11
2916 2948 60
3
56 89 63
410 3050 45
6
92 3 19 36 38 23
16 357 45
3
38 25 5
382 3357 90
1
72
2667 3517 45
5
46 56 52 36 14
1482 3382 60
6
99 63 21 25 7 10
2876 3537 90
5
1 4 96 89 100
2606 2760 45
4
103 13 16 100
3549 3558 45
5
40 13 38 25 7
3097 3483 45
4
4 96 89 100
212 1986 45
3
79 29 34
3533 3572 90
4
83 65 64 90
1953 2752 90
4
21 25 5 11
1496 3286 45
4
51 55 45 44
344 894 45
5
26 37 35 20 4
2479 2632 45
7
46 56 52 36 38 23 68
1850 2843 75
2
42 57
964 2234 60
4
88 21 23 68
2800 3016 60
8
67 24 22 87 78 50 58 41
2149 3555 60
5
67 24 37 35 20
2613 2780 60
2
92 3
781 3572 90
2
21 23
32 1261 75
4
8 26 37 16
608 1496 75
5
103 13 16 63 66
2371 3235 75
4
88 64 15 35
3166 3585 75
7
3 19 36 38 25 5 11
1014 2144 45
5
103 13 38 25 5
2123 2595 75
3
36 16 63
1237 3457 75
2
67 70
2353 3002 75
6
56 52 36 38 23 68
487 1425 45
1
83
3346 3533 90
4
84 79 29 32
219 2956 45
1
36
502 1450 45
1
105
1400 2381 75
3
55 45 44
445 1801 45
6
6 26 22 87 78 50
294 2037 60
9
75 85 61 96 89 63 21 23 73
3387 3588 45
7
49 77 88 64 15 14 104
1944 3055 45
5
42 43 46 56 52
18 567 45
3
74 70 39
2593 3040 60
9
75 85 61 96 89 63 21 23 68
514 1258 90
4
55 45 44 57
869 1031 60
6
58 43 46 97 92 3
690 2041 60
3
24 25 7
1673 3385 90
5
71 88 21 25 7
920 1489 90
6
58 43 46 97 94 76
3368 3469 75
6
12 6 26 37 14 104
2530 3010 90
5
102 106 45 44 41
37 2571 75
3
99 90 95
3111 3427 60
6
4 96 89 63 66 84
2348 2911 90
1
31
2250 2299 60
7
57 49 77 88 66 84 79
137 2647 45
2
70 104
805 1228 90
7
75 85 61 96 89 63 66
331 3109 45
3
75 85 61
1006 1899 45
2
106 97
2434 3167 45
3
85 61 96
1666 2720 75
5
12 6 26 22 64
3318 3347 45
3
62 86 76
227 3320 75
4
83 65 21 23
3422 3588 45
7
74 24 22 64 90 95 62
2635 2986 90
4
102 71 78 50
1812 2522 45
3
106 56 52
