251
2263 3276 75
5
88 64 15 14 104
2879 2912 45
2
66 84
119 237 75
5
87 78 50 58 41
222 1519 45
3
49 77 88
1920 2357 75
5
57 49 77 88 21
2374 2866 90
4
93 98 45 44
1153 2152 60
4
99 90 95 62
127 476 45
5
37 35 20 4 91
2418 3495 90
3
56 52 53
1128 2736 90
3
1 4 96
2074 3050 60
4
36 14 69 73
3175 3550 90
6
103 13 38 25 5 11
2629 3183 75
1
8
1445 2604 90
5
102 106 45 44 41
468 2574 60
5
71 88 21 25 5
2270 3405 45
5
36 16 63 87 78
423 1329 75
5
19 36 38 25 7
617 1783 90
2
58 41
811 1358 60
3
28 10 32
1424 2699 45
6
75 93 98 45 44 41
359 2833 45
6
85 61 96 89 15 14
2718 2893 45
2
21 25
347 2088 75
5
77 88 21 25 7
2104 2887 75
1
40
2379 3216 60
4
89 63 21 23
2375 2588 60
5
65 87 78 50 58
1655 1914 90
3
24 25 7
1921 2201 45
5
89 63 21 23 73
2774 3191 45
2
29 9
956 3075 60
5
43 46 97 92 3
2218 2987 90
5
29 34 67 70 104
1603 2162 45
5
96 89 63 66 84
308 1494 60
3
37 14 104
52 1171 90
4
83 65 87 72
983 1807 60
3
1 4 91
3500 3572 60
6
64 90 95 62 86 76
1889 3341 75
2
77 88
60 134 60
2
64 100
2221 3282 90
5
40 13 16 63 87
34 235 60
5
51 55 45 44 41
197 2392 45
1
95
3579 3586 90
2
58 41
2189 2899 60
5
58 43 46 56 52
2434 2980 45
8
67 24 37 35 20 4 62 86
917 2986 90
5
16 90 55 45 44
1753 3480 45
2
63 87
1797 3103 90
5
80 83 65 64 100
2186 2998 75
5
89 63 21 25 7
3317 3480 75
6
67 24 22 87 78 50
746 3312 90
5
99 15 14 69 73
115 1469 45
3
32 74 70
661 2175 45
4
26 22 87 72
2404 2722 90
6
6 26 22 64 90 55
703 1809 60
5
16 90 95 62 86
2567 2758 90
4
72 106 97 94
2328 2621 90
2
3 19
2289 2546 75
5
102 106 97 94 76
555 1470 75
7
103 13 38 22 87 78 50
2270 2886 60
4
6 26 22 64
444 3501 90
5
29 34 67 70 104
859 1228 45
3
56 89 63
2882 3112 75
7
57 49 77 88 21 23 68
2920 3232 75
4
13 16 63 66
1732 2529 45
3
74 70 39
1443 2439 90
5
77 88 21 25 5
2194 3008 45
1
31
902 1263 45
4
15 14 69 68
1573 2956 90
8
9 8 26 22 64 90 55 45
505 2943 90
5
24 22 87 78 50
3436 3447 90
5
49 77 88 66 84
1930 1983 45
2
87 72
2428 3444 75
4
43 46 56 95
2876 3144 45
4
83 65 87 72
260 2959 45
2
84 18
2557 3142 90
3
63 21 25
2851 3418 75
4
42 43 46 56
1487 2007 90
5
96 55 45 44 57
715 3470 75
4
46 97 94 76
5 109 45
2
21 23
2504 2504 60
5
26 22 64 90 55
2608 2816 90
5
99 90 95 3 2
2791 3081 45
2
64 15
1760 2879 75
4
89 15 14 104
3506 3524 90
4
92 96 89 63
1390 2823 60
2
33 9
395 2207 90
9
8 26 22 64 90 95 62 86 76
412 2905 60
3
16 90 95
1601 3522 45
2
18 28
60 478 60
4
75 85 61 96
1635 1949 90
2
85 81
2974 3000 75
6
1 19 36 38 25 7
3473 3503 60
5
15 38 25 7 10
1998 2499 60
5
92 96 89 15 14
511 916 75
4
61 3 19 36
2227 2259 75
2
35 51
2115 2311 45
4
65 64 90 95
3552 3556 75
3
71 78 50
1465 3112 75
4
67 24 22 87
3043 3238 45
3
29 9 8
3237 3444 60
5
8 26 37 35 20
449 2223 90
3
67 24 22
683 1539 75
2
14 104
2227 3102 45
2
23 68
72 2739 45
6
61 91 98 45 44 41
941 2198 75
2
14 104
2449 2854 90
5
16 90 95 62 86
1227 2666 60
6
77 72 106 97 92 3
1658 3268 75
4
56 89 63 66
1981 2369 90
3
102 71 78
1479 1666 45
2
80 18
3296 3341 90
3
85 61 3
1623 2575 60
4
46 97 92 62
2646 2801 90
2
77 72
642 2535 90
5
16 90 95 62 86
1113 2199 90
3
15 14 39
1718 1904 75
2
77 72
3282 3559 45
2
29 9
3396 3506 90
6
1 19 36 14 69 68
93 371 75
2
20 2
3552 3579 45
4
65 64 90 95
577 2902 45
2
98 105
3599 3600 75
3
21 25 7
1282 1990 75
3
13 16 100
2341 2860 90
2
94 76
3095 3238 75
5
49 77 88 21 25
2984 3005 75
3
21 25 7
498 3159 75
6
19 36 38 25 7 10
1150 3349 45
1
85
3201 3587 90
3
30 80 83
703 1844 60
5
8 26 37 16 100
3165 3500 90
5
75 93 98 45 44
1151 3374 60
3
46 97 94
585 1222 90
6
18 6 26 23 70 39
1122 2696 60
6
65 87 78 50 58 41
910 3242 60
2
80 18
56 2548 45
8
29 9 8 26 37 35 20 2
1004 1083 45
3
65 64 90
1010 1142 60
4
40 69 24 22
1710 2317 45
4
26 22 87 78
2859 2913 45
3
75 85 81
3215 3451 45
1
43
2508 3402 75
3
90 95 91
2945 3022 90
3
7 10 34
1272 2236 45
1
42
2145 3390 75
2
64 100
2247 3433 60
1
12
1849 3092 75
2
69 73
3561 3597 60
1
16
2642 2868 45
7
42 43 46 97 92 3 2
3589 3595 75
4
13 16 63 87
2373 3036 45
5
65 64 15 14 104
2433 3474 90
3
65 64 90
2124 2831 60
6
36 38 25 7 10 30
1963 2889 90
5
54 51 55 45 44
1193 3543 45
4
16 90 95 91
3214 3572 45
9
42 57 49 77 88 21 25 7 10
315 1731 60
4
29 34 67 70
3473 3478 45
3
25 5 11
1064 1862 45
2
25 5
3335 3391 60
6
37 35 20 4 62 86
991 1832 60
3
85 61 3
1339 3498 45
4
38 22 87 78
321 1721 60
2
88 66
246 1291 60
2
44 41
179 2586 90
1
100
2873 3210 75
1
105
2760 3255 45
3
44 57 49
2957 3472 90
6
1 4 96 55 45 44
3566 3598 90
7
57 49 77 88 21 23 73
1699 2713 60
1
65
1409 1535 90
1
70
757 2761 45
7
3 19 36 38 25 5 11
1005 2986 60
7
85 61 3 19 36 14 104
2687 3232 75
3
45 44 57
1589 2384 75
1
104
1384 1425 75
3
54 20 4
3455 3535 90
6
19 36 38 25 5 11
3519 3551 75
4
74 70 13 35
1344 2850 45
2
36 14
1851 2561 75
5
75 85 61 96 89
3487 3499 90
4
15 38 25 7
1397 1555 90
6
46 56 89 63 66 84
563 1299 75
2
99 63
2166 2916 90
6
103 13 16 90 95 91
2288 3218 45
3
61 96 89
3525 3560 75
3
13 16 100
3052 3508 60
2
88 64
769 2917 90
4
88 64 15 35
1453 2799 45
5
72 106 97 94 76
2680 3227 75
1
74
3065 3207 45
1
56
644 2728 45
8
12 6 26 37 35 20 4 62
1236 1974 60
4
84 79 29 32
1170 2506 60
5
90 55 45 44 41
17 1150 90
1
42
3414 3487 90
5
106 97 92 3 2
1701 2142 60
2
61 91
2153 2864 90
6
77 72 106 97 92 62
2831 3053 75
7
49 77 88 64 15 14 104
819 2036 75
6
9 8 26 22 87 78
1423 3410 60
1
73
2824 3495 60
3
77 88 64
1636 2811 90
2
12 28
1155 1627 60
7
42 43 46 56 89 15 14
2442 3476 75
5
99 15 38 25 7
1829 2024 75
6
71 88 21 25 5 11
2031 3101 60
2
96 89
3015 3284 45
4
16 90 55 45
262 1129 90
7
85 61 96 89 63 66 84
2324 2902 45
4
75 85 61 3
1017 3133 45
6
1 4 96 55 45 44
3075 3184 75
6
22 87 78 50 58 41
1252 3498 75
3
12 17 79
2228 2711 60
5
75 93 98 105 101
3338 3341 75
3
61 96 89
3277 3302 60
2
34 67
823 2741 60
4
64 90 95 91
803 1988 45
1
44
1683 2511 60
4
95 62 86 76
2364 3412 45
5
89 63 21 25 5
2475 3100 75
4
63 66 84 79
2331 2863 90
6
67 24 22 87 78 50
2777 3146 45
2
20 2
581 3027 60
5
6 26 22 64 100
981 2299 45
8
85 61 96 89 63 21 23 73
3387 3589 45
7
8 26 22 87 78 50 58
2125 2848 75
3
1 19 53
3519 3548 75
1
79
1849 2031 90
5
18 6 26 37 14
1730 2605 60
5
85 61 96 89 63
648 2928 45
8
42 57 49 77 88 66 84 79
1066 1497 45
3
85 61 96
246 630 90
2
62 86
3453 3571 75
1
15
1437 2183 60
4
87 78 50 58
192 3192 90
6
9 8 26 37 35 20
2143 2532 75
2
4 62
718 1102 90
4
67 24 22 87
2134 3133 45
7
85 61 3 19 36 38 25
2423 2934 60
5
1 19 36 38 23
809 3217 90
5
65 21 37 35 20
214 1098 45
1
23
2111 2345 90
5
37 35 51 55 45
758 2767 75
4
65 64 90 95
2249 3109 90
3
56 52 36
2299 3127 60
5
80 83 65 64 100
448 502 75
7
61 96 89 63 21 23 68
180 1762 75
4
43 46 56 95
2717 3044 75
3
37 35 20
1199 1688 75
5
24 37 35 20 4
1780 2565 60
4
65 64 90 95
