213
1888 2333 75
1
4
994 2741 60
4
88 64 15 14
1877 3144 90
1
27
1108 1143 75
7
29 9 8 26 37 35 20
710 1470 45
3
72 106 97
332 822 90
2
101 99
111 3288 60
2
4 62
2450 2737 60
3
88 21 37
3325 3344 45
5
46 97 92 3 2
3341 3532 60
1
94
1898 2278 90
5
9 8 26 22 87
1230 2713 60
7
61 3 19 36 38 25 7
451 2211 45
4
19 36 38 25
823 1415 75
5
65 21 23 70 39
50 1893 90
6
75 85 61 3 19 36
1634 1707 45
4
33 9 27 11
2163 2489 60
2
96 89
2524 3583 90
5
102 106 97 94 76
2888 3381 90
7
24 37 35 20 4 62 86
3052 3078 60
2
17 79
2122 2471 75
3
92 96 89
81 1799 75
3
106 45 44
1381 1521 90
6
9 8 26 22 64 90
3459 3544 75
5
106 97 92 3 2
651 1808 90
7
103 13 35 51 55 45 44
1893 2236 45
5
12 6 26 37 35
564 961 45
5
13 16 90 55 45
2102 2307 60
2
21 25
363 1079 75
1
27
3125 3211 60
8
9 8 26 22 64 90 95 91
741 3458 75
4
56 89 63 66
3110 3437 45
5
12 6 26 23 70
2184 2352 90
6
1 19 36 38 25 7
1092 1426 60
5
20 4 62 86 76
2892 3561 75
2
103 69
1825 2776 75
4
42 43 46 97
1477 1887 60
4
24 22 66 84
2813 2917 60
3
42 43 46
118 2674 60
4
74 70 13 16
1357 2198 60
7
6 26 22 64 90 95 91
2164 2177 90
3
4 96 89
801 2537 45
6
8 26 22 64 90 55
3364 3534 45
8
12 6 26 22 64 90 95 91
1125 2270 45
2
89 100
2687 2725 60
8
61 96 89 63 21 25 5 11
57 3104 90
4
57 49 77 88
316 2037 60
6
83 65 64 90 95 62
2387 3355 75
2
30 80
1426 3482 75
2
70 39
2823 3533 90
8
1 19 36 38 25 7 10 30
2200 3188 90
6
12 6 26 22 87 78
256 3013 60
5
99 63 21 25 5
3375 3405 60
3
88 21 37
2885 3538 60
2
95 62
963 1634 60
7
9 8 26 37 35 20 2
905 2467 90
4
77 88 66 84
2852 3524 60
4
37 35 20 2
2792 3363 90
2
106 45
1186 2220 45
5
22 87 78 50 58
2523 3269 75
5
99 63 21 25 5
2936 3401 75
4
99 90 95 62
3564 3594 45
5
42 43 46 56 89
3132 3461 90
2
105 71
1649 3417 45
7
61 96 89 63 21 23 73
3331 3334 90
7
61 96 89 63 21 23 73
2683 2941 90
7
46 56 89 63 21 25 7
3123 3574 45
4
13 16 63 66
2893 3488 75
6
85 61 96 89 63 21
49 2579 60
5
12 6 26 22 64
2296 2815 90
4
102 106 97 94
1920 2955 45
4
93 98 105 101
1558 2190 75
5
106 97 92 3 2
143 2207 75
3
66 84 79
3455 3564 45
6
16 90 55 45 44 41
1914 2871 45
7
6 26 22 64 90 95 91
898 2589 60
7
67 24 22 64 90 55 45
986 1186 60
4
16 90 95 91
1902 2572 60
7
75 85 61 96 89 63 66
3249 3325 90
3
15 14 69
2680 3486 90
3
82 86 76
1587 1865 75
5
77 88 21 23 68
45 258 60
3
36 14 104
1603 3463 75
6
103 13 35 20 4 62
2012 3443 60
2
81 1
3452 3493 90
5
88 21 25 5 11
1379 3092 75
7
18 6 26 37 35 20 2
824 1373 45
2
23 73
2012 3113 90
5
99 63 21 25 5
1905 3197 75
4
67 70 13 16
1130 1948 60
8
74 24 22 87 78 50 58 41
1177 1699 75
2
74 70
2556 2765 45
6
4 96 55 45 44 57
1764 2911 60
2
73 31
434 2837 60
6
75 85 61 3 19 53
2185 2620 45
6
61 96 89 63 66 84
3495 3566 75
5
61 91 98 105 71
232 621 75
4
102 71 78 50
12 2283 60
4
19 36 38 25
1857 2869 45
4
13 16 100 102
75 922 60
2
87 78
1468 3116 60
3
4 96 89
2901 3482 45
2
64 100
3150 3176 75
3
65 64 100
2387 3594 90
8
57 49 77 88 21 25 5 11
2840 3158 90
4
95 62 86 76
258 2000 75
3
42 43 46
1009 1185 60
5
77 88 64 15 35
1813 2949 45
5
43 46 97 92 62
474 1413 75
3
69 68 33
3572 3577 75
1
16
2235 3409 45
5
65 64 90 95 62
180 2118 60
7
74 24 37 35 20 4 91
144 2302 90
2
33 32
325 3161 75
6
96 89 63 66 84 79
28 2118 75
5
4 96 55 45 44
2641 3389 45
8
42 57 49 77 88 66 84 79
1940 3164 60
2
54 20
1452 1555 75
3
95 3 2
3519 3570 90
6
18 6 26 23 70 39
1538 2702 60
3
67 70 104
3246 3465 45
7
12 6 26 37 35 20 2
389 2665 90
4
99 63 66 84
3066 3314 75
2
102 106
104 376 45
2
51 55
1690 2735 90
6
40 13 16 63 87 78
2690 3357 90
2
26 37
1292 1327 45
2
20 4
3352 3508 45
2
49 77
2167 2827 90
1
80
2553 3127 45
3
61 96 89
1462 3500 75
6
24 22 64 90 55 45
1914 2890 45
1
71
49 3168 60
8
1 19 36 38 25 7 10 30
2462 2553 90
2
89 63
2357 2453 90
5
26 22 64 90 55
2903 3238 45
2
100 102
609 1774 60
3
65 21 25
1375 1388 45
6
103 13 35 20 4 62
3013 3246 75
2
12 6
2031 2170 90
5
74 24 37 35 20
58 2718 45
3
99 15 38
1365 1854 90
4
91 98 105 71
1632 2854 60
3
38 25 7
2896 3357 90
9
12 6 26 22 64 90 95 62 86
2802 3247 60
3
71 88 21
2538 2977 75
2
54 51
3566 3591 75
3
65 21 37
3343 3591 75
1
3
1194 2416 60
7
46 56 89 63 66 84 79
491 1396 90
7
67 24 37 35 20 4 91
1657 2914 90
2
98 56
1099 1579 60
5
18 6 26 37 35
1889 2028 45
1
81
237 2784 60
7
49 77 88 21 25 5 11
71 1303 75
2
64 90
1968 2734 60
4
43 46 56 95
533 943 45
5
61 96 89 63 66
1517 1752 45
3
36 38 25
590 2834 45
6
83 65 87 78 50 58
1849 2801 60
2
78 50
2671 3103 60
6
61 96 89 63 21 23
575 3070 90
6
77 88 21 25 7 10
1253 2803 90
6
75 85 61 3 19 53
3199 3429 60
3
1 4 96
651 2841 90
6
103 13 16 90 95 91
3189 3546 45
2
103 69
3514 3568 60
5
75 93 98 45 44
1851 1894 45
2
22 66
1765 2896 75
5
89 63 66 84 79
981 2835 45
6
24 37 35 20 4 91
636 1812 75
4
43 46 105 101
2316 2955 45
1
39
2094 3047 75
4
1 4 96 89
1651 3104 90
3
15 14 39
232 3215 75
5
58 43 46 97 94
783 1109 60
2
64 100
516 1291 75
4
83 65 21 23
1182 3412 90
4
19 36 14 104
2441 3428 45
3
6 26 37
1523 2356 60
6
67 24 22 64 90 55
623 3134 60
2
26 37
3052 3094 60
2
29 34
3499 3594 75
4
80 83 65 64
2896 2909 90
2
79 29
777 920 90
6
8 26 22 64 90 95
3291 3598 90
6
99 63 21 25 7 10
2759 3425 75
6
56 52 36 38 23 68
873 2575 75
5
88 64 15 14 39
1141 2163 45
5
92 96 89 63 66
2676 3183 90
6
61 96 89 63 21 23
1334 2045 45
4
6 26 37 35
3154 3273 75
5
77 88 66 84 79
2642 3357 60
4
92 96 89 15
3042 3401 90
5
74 24 22 87 72
2760 2909 90
5
77 88 66 84 79
2523 3139 90
6
6 26 22 64 90 95
155 3581 75
5
24 37 35 20 2
1180 3407 90
3
24 37 35
3170 3287 45
6
56 52 36 38 23 68
2053 2927 90
6
12 6 26 22 87 72
451 1860 60
2
20 2
2264 3600 60
2
90 95
3144 3540 75
5
24 37 35 20 2
1455 2983 90
5
71 88 21 23 73
1202 3320 75
5
106 97 92 3 2
2244 2459 75
7
46 56 52 36 38 23 68
1423 1774 75
5
65 64 90 95 91
139 755 75
5
75 93 98 105 101
1829 2174 75
5
38 22 87 78 50
1469 2467 75
5
54 20 4 62 86
1199 3228 60
2
96 55
419 2128 75
5
19 36 14 69 68
1883 2006 90
1
83
