133
822 2913 45
4
85 61 3 19
887 2881 45
2
5 11
2309 3549 60
5
58 43 46 56 95
2520 2698 75
7
49 77 88 21 25 5 11
2394 3091 75
6
6 26 22 64 90 55
678 3559 75
1
3
970 2025 90
2
29 32
2268 3533 75
2
37 35
1210 1767 75
1
80
1987 2332 90
4
40 69 73 31
854 1751 90
5
74 24 22 87 78
2914 3209 60
5
65 64 90 95 91
3520 3571 60
5
74 24 22 64 100
1516 3083 75
3
29 32 74
3175 3550 75
6
12 6 26 22 64 100
2333 2516 60
2
15 14
2654 2986 60
3
49 77 88
509 998 60
7
13 35 51 55 45 44 41
3252 3491 75
2
3 19
2845 3252 60
4
8 26 37 35
1186 2357 75
3
43 46 97
975 2820 75
5
24 37 35 20 4
2727 3170 75
4
54 20 4 91
2803 3267 75
7
103 13 38 22 87 78 50
1660 3027 75
1
63
2961 3087 75
6
85 61 96 89 63 21
1306 1713 60
3
9 27 11
743 2819 90
2
98 45
2130 2487 45
5
26 22 64 90 55
71 1217 75
2
93 98
167 3108 45
6
74 24 37 35 20 2
2747 3158 45
3
87 78 50
1281 2424 75
6
103 13 16 90 95 91
3337 3411 75
6
9 8 26 22 87 72
48 859 75
2
65 21
3298 3461 90
2
56 52
181 518 90
8
24 37 35 20 4 62 86 76
1391 2722 60
3
72 106 97
1691 2965 75
5
77 88 21 25 5
2618 3166 60
4
43 46 56 89
950 2501 45
5
92 96 89 63 66
3068 3477 75
3
96 55 45
2552 2614 45
2
19 51
1314 1357 75
3
37 16 100
3428 3558 45
4
61 96 89 100
1354 2531 75
4
46 56 89 63
1145 3509 90
8
67 24 37 35 20 4 62 86
141 3431 45
3
12 28 10
1062 1395 45
8
85 61 96 89 63 21 23 73
1875 2023 45
4
69 68 33 30
1938 2439 45
1
33
826 1748 60
3
92 3 19
2312 2637 60
3
90 95 62
749 2515 90
1
86
13 1045 45
4
21 37 35 20
1009 1742 90
5
4 96 89 63 66
538 2675 75
6
49 77 88 21 23 73
1674 2109 45
5
46 56 89 63 66
2180 2794 90
5
71 88 21 25 5
3538 3573 75
5
42 43 46 105 101
2751 3461 90
1
61
1901 3335 45
6
49 77 88 21 23 68
2005 2063 75
2
44 41
599 1424 60
7
6 26 22 87 78 50 58
1057 2363 45
6
71 88 21 25 7 10
719 2619 75
4
36 38 25 5
2786 3218 75
9
42 57 49 77 88 21 25 7 10
1362 1811 60
4
24 22 87 78
564 707 45
4
88 64 15 14
125 678 60
3
12 17 83
626 2840 45
6
56 89 63 21 25 7
2401 2805 45
5
38 22 87 78 50
125 2122 90
2
7 10
1415 2744 90
4
85 61 96 89
3331 3343 75
2
100 102
2907 3052 45
5
38 22 87 78 50
1848 2633 75
6
85 61 96 89 63 21
477 2260 60
4
80 83 65 21
2307 2595 60
4
4 62 86 76
1115 3377 75
9
12 6 26 22 87 78 50 58 41
534 604 75
3
62 86 76
2104 2604 90
1
62
1922 3458 60
6
56 89 63 21 25 7
3413 3538 90
5
57 49 77 88 21
2885 2939 45
4
75 93 98 45
1189 1896 45
7
13 35 20 4 62 86 76
267 591 75
3
65 64 90
3328 3450 45
5
96 55 45 44 41
3217 3483 60
6
49 77 88 21 25 7
345 2156 60
4
46 97 92 62
835 2374 75
5
43 46 97 92 62
375 1734 45
3
3 19 53
2392 3143 45
5
103 13 35 20 4
917 1415 90
5
19 36 38 25 7
628 2397 75
5
56 89 63 21 23
2173 2967 90
6
75 93 98 45 44 41
1665 3455 75
2
93 98
3104 3597 60
1
95
3189 3269 75
3
90 95 3
2245 2348 60
6
61 3 19 36 14 104
2671 3256 60
4
83 65 64 100
2379 2922 90
4
64 15 14 104
2321 3062 75
3
50 58 43
2460 3573 90
1
88
553 2756 60
5
46 56 52 36 38
495 3420 45
6
58 43 46 97 94 76
3531 3584 90
4
103 13 16 63
611 3316 60
4
6 26 22 87
163 555 45
5
92 3 19 36 38
1843 3004 90
7
80 83 65 64 90 55 45
585 2893 45
3
79 29 32
2006 3283 75
2
27 11
1660 3399 45
6
99 63 21 25 7 10
2116 3256 90
4
43 46 56 52
2597 2970 45
2
20 2
1232 3257 60
4
24 22 87 72
1818 3541 90
3
79 29 32
1050 2273 60
7
57 49 77 88 21 25 5
2329 3205 60
6
36 38 25 7 10 30
3366 3418 90
3
97 94 76
3499 3525 90
7
83 65 64 90 95 62 86
1466 2301 45
1
4
3397 3456 90
4
89 63 66 84
534 2276 60
2
22 87
962 1394 75
3
27 17 83
282 2353 60
7
61 96 89 63 21 23 73
1863 2930 45
3
46 56 52
441 1054 75
2
40 104
3305 3483 90
1
15
3374 3421 60
2
36 14
3163 3245 45
3
65 21 37
941 1306 75
6
1 4 91 98 105 71
1222 3296 90
2
31 9
